Weight,Temp_Bottom,Temp_Middle,Temp_Top,Current,Voltage,Energy_Q
777.31,25.40,30.90,23.70,0.00,0.00,-158.100
778.18,25.30,30.90,23.80,0.00,0.00,0.000
778.20,25.20,30.90,23.90,0.00,0.00,0.000
778.14,25.00,30.90,23.90,0.00,0.00,0.000
778.11,24.80,31.00,24.00,0.00,0.00,0.000
777.99,24.50,31.20,24.00,0.00,0.00,0.000
777.94,24.40,31.50,24.10,0.00,0.00,0.000
777.97,24.40,31.70,24.20,0.00,0.00,0.000
777.98,24.40,32.00,24.30,0.00,0.00,0.000
778.07,24.40,32.30,24.50,0.00,0.00,0.000
777.94,24.30,33.10,24.60,0.00,0.00,0.000
777.91,24.30,33.60,24.70,0.00,0.00,0.000
777.88,24.30,34.10,24.90,0.00,0.00,0.000
777.90,24.30,34.70,25.00,0.00,0.00,0.000
777.80,24.30,35.30,25.10,0.00,0.00,0.000
777.84,24.30,36.60,25.40,0.00,0.00,0.000
777.76,24.40,37.30,25.60,0.00,0.00,0.000
777.75,24.40,38.00,25.80,0.00,0.00,0.000
777.70,24.40,38.70,25.90,0.00,0.00,0.000
777.79,24.50,40.20,26.10,0.00,0.00,0.000
777.63,24.50,41.70,26.60,0.00,0.00,0.000
777.60,24.60,42.50,26.80,0.00,0.00,0.000
777.60,24.60,44.00,27.00,0.00,0.00,0.000
777.62,24.60,44.80,27.20,0.00,0.00,0.000
777.58,24.70,45.50,27.60,0.00,0.00,0.000
777.53,24.70,47.00,27.80,0.00,0.00,0.000
777.44,24.80,47.80,28.00,0.00,0.00,0.000
777.35,24.80,48.50,28.20,0.00,0.00,0.000
777.33,24.90,49.30,28.40,0.00,0.00,0.000
777.42,24.90,50.70,28.90,0.00,0.00,0.000
777.34,25.00,51.40,29.10,0.00,0.00,0.000
777.34,25.00,52.10,29.30,0.00,0.00,0.000
777.29,25.00,52.80,29.50,0.00,0.00,0.000
777.22,25.00,54.20,29.70,0.00,0.00,0.000
777.14,25.00,54.80,30.10,0.00,0.00,0.000
777.08,25.00,55.50,30.30,0.00,0.00,0.000
777.04,25.10,56.20,30.60,0.00,0.00,0.000
777.05,25.00,57.40,30.80,0.00,0.00,0.000
776.88,25.10,58.00,31.00,0.00,0.00,0.000
776.89,25.10,58.60,31.40,0.00,0.00,0.000
776.83,25.10,59.70,31.60,0.00,0.00,0.000
776.80,25.10,60.20,31.80,0.00,0.00,0.000
776.75,25.10,60.70,32.00,0.00,0.00,0.000
776.68,25.20,61.20,32.20,0.00,0.00,0.000
776.56,25.20,62.20,32.60,0.00,0.00,0.000
776.53,25.20,62.70,32.80,0.00,0.00,0.000
776.45,25.20,63.10,33.00,0.00,0.00,0.000
776.51,25.20,63.60,33.20,0.00,0.00,0.000
776.37,25.20,64.40,33.30,0.00,0.00,0.000
776.27,25.30,64.80,33.70,0.00,0.00,0.000
776.33,25.30,65.20,33.90,0.00,0.00,0.000
776.30,25.30,65.90,34.10,0.00,0.00,0.000
776.10,25.20,66.30,34.20,0.00,0.00,0.000
776.17,25.20,66.70,34.40,0.00,0.00,0.000
776.04,25.30,67.30,34.80,0.00,0.00,0.000
775.91,25.30,67.60,34.90,0.00,0.00,0.000
775.97,25.40,67.90,35.10,0.00,0.00,0.000
775.89,25.50,68.50,35.20,0.00,0.00,0.000
775.91,25.60,125.00,35.40,0.00,0.00,0.000
775.87,25.60,125.00,35.70,0.00,0.00,0.000
775.71,25.60,125.00,35.80,0.00,0.00,0.000
775.72,25.60,125.00,36.00,0.00,0.00,0.000
775.64,25.60,125.00,36.10,0.00,0.00,0.000
775.52,25.60,125.00,36.20,0.00,0.00,0.000
775.50,25.70,125.00,36.50,0.00,0.00,0.000
775.47,25.70,125.00,36.60,0.00,0.00,0.000
775.37,25.80,125.00,36.80,0.00,0.00,0.000
775.36,25.90,125.00,37.00,0.00,0.00,0.000
775.22,26.00,125.00,37.00,0.00,0.00,0.000
775.28,26.00,125.00,37.30,0.00,0.00,0.000
775.14,26.00,125.00,37.50,0.00,0.00,0.000
775.18,26.00,125.00,37.70,0.00,0.00,0.000
775.08,26.00,125.00,37.80,0.00,0.00,0.000
774.96,26.00,125.00,37.90,0.00,0.00,0.000
775.00,26.00,125.00,38.20,0.00,0.00,0.000
774.88,26.00,125.00,38.30,0.00,0.00,0.000
774.78,26.00,125.00,38.50,0.00,0.00,0.000
774.75,26.00,125.00,38.60,0.00,0.00,0.000
774.70,26.10,125.00,38.80,0.00,0.00,0.000
774.68,26.10,125.00,39.00,0.00,0.00,0.000
774.56,26.10,125.00,39.10,0.00,0.00,0.000
774.48,26.10,125.00,39.30,0.00,0.00,0.000
774.43,26.10,125.00,39.40,0.00,0.00,0.000
774.44,26.10,125.00,39.50,0.00,0.00,0.000
774.40,26.00,125.00,39.70,0.00,0.00,0.000
774.39,25.90,125.00,39.70,0.00,0.00,0.000
774.38,25.80,125.00,39.80,0.00,0.00,0.000
774.23,25.70,125.00,39.80,0.00,0.00,0.000
774.22,25.60,125.00,39.90,0.00,0.00,0.000
774.13,25.50,125.00,39.90,0.00,0.00,0.000
774.06,25.40,125.00,39.80,0.00,0.00,0.000
774.07,25.40,125.00,39.80,0.00,0.00,0.000
773.97,25.30,125.00,39.80,0.00,0.00,0.000
774.28,25.30,125.00,39.70,0.00,0.00,0.000
774.20,25.20,125.00,39.60,0.00,0.00,0.000
774.12,25.20,125.00,39.50,0.00,0.00,0.000
774.02,25.20,125.00,39.50,0.00,0.00,0.000
774.04,25.20,125.00,39.40,0.00,0.00,0.000
773.87,25.30,125.00,39.30,0.00,0.00,0.000
773.92,25.30,125.00,39.20,0.00,0.00,0.000
773.87,25.30,125.00,39.10,0.00,0.00,0.000
773.77,25.40,125.00,39.10,0.00,0.00,0.000
773.73,25.40,125.00,39.00,0.00,0.00,0.000
773.65,25.40,125.00,38.90,0.00,0.00,0.000
773.66,25.40,125.00,38.80,0.00,0.00,0.000
773.60,25.40,125.00,38.80,0.00,0.00,0.000
773.58,25.40,125.00,38.80,0.00,0.00,0.000
773.53,25.40,125.00,38.70,0.00,0.00,0.000
773.47,25.50,125.00,38.80,0.00,0.00,0.000
773.46,25.50,125.00,38.80,0.00,0.00,0.000
773.34,25.50,125.00,38.80,0.00,0.00,0.000
773.35,25.50,125.00,38.80,0.00,0.00,0.000
773.23,25.60,125.00,38.90,0.00,0.00,0.000
773.18,25.70,125.00,38.90,0.00,0.00,0.000
773.15,25.80,125.00,39.00,0.00,0.00,0.000
773.10,25.90,125.00,39.10,0.00,0.00,0.000
773.12,25.90,125.00,39.10,0.00,0.00,0.000
773.04,25.90,125.00,39.20,0.00,0.00,0.000
772.95,25.90,125.00,39.30,0.00,0.00,0.000
772.94,26.00,125.00,39.50,0.00,0.00,0.000
772.85,26.00,125.00,39.50,0.00,0.00,0.000
772.83,26.00,125.00,39.60,0.00,0.00,0.000
772.80,26.00,125.00,39.70,0.00,0.00,0.000
772.76,26.00,125.00,39.80,0.00,0.00,0.000
772.65,26.00,125.00,40.00,0.00,0.00,0.000
772.62,26.10,125.00,125.00,0.00,0.00,0.000
772.50,26.10,125.00,125.00,0.00,0.00,0.000
772.46,26.10,125.00,125.00,0.00,0.00,0.000
772.45,26.10,125.00,125.00,0.00,0.00,0.000
772.35,26.30,125.00,125.00,0.00,0.00,0.000
772.32,26.40,125.00,125.00,0.00,0.00,0.000
772.29,26.40,125.00,125.00,0.00,0.00,0.000
772.21,26.50,125.00,125.00,0.00,0.00,0.000
772.22,26.50,125.00,125.00,0.00,0.00,0.000
772.16,26.50,125.00,125.00,0.00,0.00,0.000
772.12,26.50,125.00,125.00,0.00,0.00,0.000
772.05,26.60,125.00,125.00,0.00,0.00,0.000
771.94,26.60,125.00,125.00,0.00,0.00,0.000
772.03,26.50,125.00,125.00,0.00,0.00,0.000
771.93,26.50,125.00,125.00,0.00,0.00,0.000
771.88,26.40,125.00,125.00,0.00,0.00,0.000
771.88,26.30,125.00,125.00,0.00,0.00,0.000
771.79,26.20,125.00,125.00,0.00,0.00,0.000
771.68,26.10,125.00,125.00,0.00,0.00,0.000
771.66,25.90,125.00,125.00,0.00,0.00,0.000
771.65,25.80,125.00,125.00,0.00,0.00,0.000
771.59,25.70,125.00,125.00,0.00,0.00,0.000
771.57,25.60,125.00,125.00,0.00,0.00,0.000
771.49,25.50,125.00,125.00,0.00,0.00,0.000
771.40,25.40,125.00,125.00,0.00,0.00,0.000
771.41,25.30,125.00,125.00,0.00,0.00,0.000
771.37,25.30,125.00,125.00,0.00,0.00,0.000
771.32,25.20,125.00,125.00,0.00,0.00,0.000
771.29,25.10,125.00,125.00,0.00,0.00,0.000
771.28,25.00,125.00,125.00,0.00,0.00,0.000
771.19,25.00,125.00,125.00,0.00,0.00,0.000
771.18,24.90,125.00,125.00,0.00,0.00,0.000
771.18,24.90,125.00,125.00,0.00,0.00,0.000
771.12,24.90,125.00,125.00,0.00,0.00,0.000
771.10,24.90,62.50,125.00,0.00,0.00,0.000
771.02,25.00,125.00,125.00,0.00,0.00,0.000
771.01,25.00,125.00,125.00,0.00,0.00,0.000
770.98,25.10,62.50,125.00,0.00,0.00,0.000
770.88,25.10,125.00,125.00,0.00,0.00,0.000
770.86,25.20,125.00,125.00,0.00,0.00,0.000
770.84,25.20,62.50,125.00,0.00,0.00,0.000
770.75,25.30,125.00,125.00,0.00,0.00,0.000
770.79,25.30,125.00,125.00,0.00,0.00,0.000
770.75,25.30,62.50,125.00,0.00,0.00,0.000
770.66,25.30,125.00,125.00,0.00,0.00,0.000
770.68,25.40,125.00,125.00,0.00,0.00,0.000
770.58,25.40,125.00,125.00,0.00,0.00,0.000
770.54,25.50,125.00,125.00,0.00,0.00,0.000
770.39,25.60,125.00,125.00,0.00,0.00,0.000
770.46,25.70,125.00,125.00,0.00,0.00,0.000
770.46,25.80,125.00,125.00,0.00,0.00,0.000
770.39,25.90,125.00,125.00,0.00,0.00,0.000
770.36,25.90,125.00,125.00,0.00,0.00,0.000
770.32,26.00,125.00,125.00,0.00,0.00,0.000
770.27,26.00,125.00,125.00,0.00,0.00,0.000
770.17,26.00,125.00,125.00,0.00,0.00,0.000
770.14,26.00,125.00,125.00,0.00,0.00,0.000
770.10,26.00,125.00,125.00,0.00,0.00,0.000
770.06,26.10,125.00,125.00,0.00,0.00,0.000
770.05,26.10,125.00,125.00,0.00,0.00,0.000
769.98,26.10,125.00,125.00,0.00,0.00,0.000
769.93,26.10,125.00,125.00,0.00,0.00,0.000
769.88,26.10,125.00,125.00,0.00,0.00,0.000
769.78,26.10,125.00,125.00,0.00,0.00,0.000
769.79,26.10,125.00,125.00,0.00,0.00,0.000
769.77,26.20,125.00,125.00,0.00,0.00,0.000
769.78,26.30,125.00,125.00,0.00,0.00,0.000
769.65,26.30,125.00,125.00,0.00,0.00,0.000
769.58,26.40,125.00,125.00,0.00,0.00,0.000
769.56,26.40,125.00,125.00,0.00,0.00,0.000
769.40,26.40,125.00,125.00,0.00,0.00,0.000
769.58,26.40,125.00,125.00,0.00,0.00,0.000
769.52,26.50,125.00,125.00,0.00,0.00,0.000
769.40,26.50,125.00,125.00,0.00,0.00,0.000
769.39,26.40,125.00,125.00,0.00,0.00,0.000
769.30,26.30,125.00,125.00,0.00,0.00,0.000
769.23,26.20,125.00,125.00,0.00,0.00,0.000
769.24,26.10,125.00,125.00,0.00,0.00,0.000
769.29,26.00,125.00,125.00,0.00,0.00,0.000
769.16,25.70,125.00,125.00,0.00,0.00,0.000
769.14,25.70,125.00,125.00,0.00,0.00,0.000
769.08,25.50,125.00,125.00,0.00,0.00,0.000
769.07,25.50,125.00,125.00,0.00,0.00,0.000
769.01,25.30,125.00,125.00,0.00,0.00,0.000
769.06,25.20,125.00,125.00,0.00,0.00,0.000
768.95,25.20,125.00,125.00,0.00,0.00,0.000
768.92,25.10,125.00,125.00,0.00,0.00,0.000
768.86,25.10,125.00,125.00,0.00,0.00,0.000
768.85,25.10,125.00,125.00,0.00,0.00,0.000
768.79,25.20,125.00,125.00,0.00,0.00,0.000
768.76,25.20,125.00,125.00,0.00,0.00,0.000
768.73,25.20,62.50,125.00,0.00,0.00,0.000
768.65,25.20,125.00,125.00,0.00,0.00,0.000
768.64,25.30,125.00,125.00,0.00,0.00,0.000
768.61,25.50,62.50,125.00,0.00,0.00,0.000
768.52,25.60,125.00,125.00,0.00,0.00,0.000
768.48,25.70,125.00,125.00,0.00,0.00,0.000
768.45,25.90,125.00,125.00,0.00,0.00,0.000
768.44,25.90,125.00,125.00,0.00,0.00,0.000
774.70,26.10,125.00,125.00,0.00,0.00,0.000
768.45,26.10,125.00,125.00,0.00,0.00,0.000
768.38,26.20,125.00,125.00,0.00,0.00,0.000
756.75,26.30,125.00,125.00,0.00,0.00,0.000
755.54,26.30,125.00,125.00,0.00,0.00,0.000
753.30,26.40,125.00,125.00,0.00,0.00,0.000
756.54,26.50,125.00,125.00,0.00,0.00,0.000
756.49,26.50,125.00,125.00,0.00,0.00,0.000
756.34,26.60,125.00,125.00,0.00,0.00,0.000
756.61,26.60,125.00,125.00,0.00,0.00,0.000
756.65,26.50,125.00,125.00,0.00,0.00,0.000
756.51,26.60,125.00,125.00,0.00,0.00,0.000
756.54,26.70,125.00,125.00,0.00,0.00,0.000
756.54,26.80,125.00,125.00,0.00,0.00,0.000
756.48,26.80,125.00,125.00,0.00,0.00,0.000
756.33,26.80,125.00,125.00,0.00,0.00,0.000
756.38,26.80,125.00,125.00,0.00,0.00,0.000
756.11,26.80,125.00,125.00,0.00,0.00,0.000
756.11,26.80,125.00,125.00,0.00,0.00,0.000
756.10,26.70,125.00,125.00,0.00,0.00,0.000
756.10,26.60,125.00,125.00,0.00,0.00,0.000
756.13,26.50,125.00,125.00,0.00,0.00,0.000
756.19,26.50,125.00,125.00,0.00,0.00,0.000
756.06,26.40,125.00,125.00,0.00,0.00,0.000
756.04,26.40,125.00,125.00,0.00,0.00,0.000
756.44,26.30,125.00,125.00,0.00,0.00,0.000
756.10,26.30,125.00,125.00,0.00,0.00,0.000
756.13,26.40,125.00,125.00,0.00,0.00,0.000
756.16,26.40,125.00,125.00,0.00,0.00,0.000
756.14,26.40,125.00,125.00,0.00,0.00,0.000
756.09,26.30,125.00,125.00,0.00,0.00,0.000
755.97,26.20,125.00,125.00,0.00,0.00,0.000
755.91,26.10,125.00,125.00,0.00,0.00,0.000
755.98,26.10,125.00,125.00,0.00,0.00,0.000
755.91,26.00,125.00,125.00,0.00,0.00,0.000
755.76,25.90,125.00,125.00,0.00,0.00,0.000
755.75,25.90,125.00,125.00,0.00,0.00,0.000
755.69,25.80,125.00,125.00,0.00,0.00,0.000
755.67,25.80,125.00,125.00,0.00,0.00,0.000
755.39,25.80,125.00,125.00,0.00,0.00,0.000
756.24,25.80,125.00,125.00,0.00,0.00,0.000
756.40,25.90,125.00,125.00,0.00,0.00,0.000
756.36,25.90,125.00,125.00,0.00,0.00,0.000
755.99,25.90,125.00,125.00,0.00,0.00,0.000
755.45,25.90,125.00,125.00,0.00,0.00,0.000
755.52,26.00,125.00,125.00,0.00,0.00,0.000
754.46,26.10,125.00,125.00,0.00,0.00,0.000
754.56,26.20,125.00,125.00,0.00,0.00,0.000
754.62,26.30,125.00,125.00,0.00,0.00,0.000
754.78,26.40,125.00,125.00,0.00,0.00,0.000
754.56,26.60,125.00,125.00,0.00,0.00,0.000
754.64,26.70,125.00,125.00,0.00,0.00,0.000
750.82,26.80,125.00,125.00,0.00,0.00,0.000
751.78,26.80,62.50,125.00,0.00,0.00,0.000
750.43,26.80,125.00,125.00,0.00,0.00,0.000
751.98,27.00,125.00,125.00,0.00,0.00,0.000
751.19,27.00,125.00,125.00,0.00,0.00,0.000
754.16,27.10,125.00,125.00,0.00,0.00,0.000
754.08,27.10,125.00,125.00,0.00,0.00,0.000
754.05,27.20,125.00,125.00,0.00,0.00,0.000
754.04,27.20,125.00,125.00,0.00,0.00,0.000
754.02,27.20,125.00,125.00,0.00,0.00,0.000
754.01,27.30,125.00,125.00,0.00,0.00,0.000
753.98,27.30,125.00,125.00,0.00,0.00,0.000
753.94,27.40,125.00,125.00,0.00,0.00,0.000
754.02,27.50,125.00,125.00,0.00,0.00,0.000
753.99,27.50,125.00,125.00,0.00,0.00,0.000
753.96,27.50,125.00,125.00,0.00,0.00,0.000
754.01,27.50,125.00,125.00,0.00,0.00,0.000
753.90,27.60,125.00,125.00,0.00,0.00,0.000
753.92,27.70,125.00,125.00,0.00,0.00,0.000
753.93,27.70,125.00,125.00,0.00,0.00,0.000
753.85,27.70,125.00,125.00,0.00,0.00,0.000
753.82,27.70,125.00,125.00,0.00,0.00,0.000
753.73,27.60,125.00,125.00,0.00,0.00,0.000
753.71,27.50,125.00,125.00,0.00,0.00,0.000
753.68,27.50,125.00,125.00,0.00,0.00,0.000
753.68,27.50,125.00,125.00,0.00,0.00,0.000
753.66,27.40,125.00,125.00,0.00,0.00,0.000
753.59,27.30,125.00,125.00,0.00,0.00,0.000
753.60,27.20,125.00,125.00,0.00,0.00,0.000
753.61,27.00,125.00,125.00,0.00,0.00,0.000
753.57,27.00,125.00,125.00,0.00,0.00,0.000
753.47,26.90,125.00,125.00,0.00,0.00,0.000
753.35,26.80,125.00,125.00,0.00,0.00,0.000
753.43,26.70,125.00,125.00,0.00,0.00,0.000
753.35,26.50,125.00,125.00,0.00,0.00,0.000
753.26,26.40,125.00,125.00,0.00,0.00,0.000
753.15,26.40,125.00,125.00,0.00,0.00,0.000
753.13,26.30,125.00,125.00,0.00,0.00,0.000
753.11,26.10,125.00,125.00,0.00,0.00,0.000
753.06,26.00,125.00,125.00,0.00,0.00,0.000
753.06,26.00,125.00,125.00,0.00,0.00,0.000
752.95,25.90,125.00,125.00,0.00,0.00,0.000
753.00,25.90,125.00,125.00,0.00,0.00,0.000
753.05,25.80,125.00,125.00,0.00,0.00,0.000
753.00,25.80,125.00,125.00,0.00,0.00,0.000
752.99,25.80,125.00,125.00,0.00,0.00,0.000
753.06,25.70,125.00,125.00,0.00,0.00,0.000
753.13,25.70,125.00,125.00,0.00,0.00,0.000
753.11,25.60,125.00,125.00,0.00,0.00,0.000
753.13,25.60,125.00,125.00,0.00,0.00,0.000
753.10,25.60,125.00,125.00,0.00,0.00,0.000
753.15,25.60,125.00,125.00,0.00,0.00,0.000
753.12,25.60,125.00,125.00,0.00,0.00,0.000
753.06,25.60,125.00,125.00,0.00,0.00,0.000
753.17,25.60,125.00,125.00,0.00,0.00,0.000
753.11,25.60,125.00,125.00,0.00,0.00,0.000
753.14,25.60,125.00,125.00,0.00,0.00,0.000
753.08,25.70,125.00,125.00,0.00,0.00,0.000
753.08,25.80,125.00,125.00,0.00,0.00,0.000
753.04,25.80,62.50,125.00,0.00,0.00,0.000
753.05,25.90,125.00,125.00,0.00,0.00,0.000
752.99,25.90,125.00,125.00,0.00,0.00,0.000
752.93,25.90,62.50,125.00,0.00,0.00,0.000
752.88,25.90,125.00,125.00,0.00,0.00,0.000
752.91,25.90,125.00,125.00,0.00,0.00,0.000
752.78,26.00,125.00,125.00,0.00,0.00,0.000
752.78,26.10,125.00,125.00,0.00,0.00,0.000
752.78,26.20,125.00,125.00,0.00,0.00,0.000
752.71,26.20,125.00,125.00,0.00,0.00,0.000
752.71,26.30,125.00,125.00,0.00,0.00,0.000
752.89,26.40,125.00,125.00,0.00,0.00,0.000
752.87,26.40,125.00,125.00,0.00,0.00,0.000
752.75,26.40,125.00,125.00,0.00,0.00,0.000
752.74,26.50,125.00,125.00,0.00,0.00,0.000
752.71,26.60,125.00,125.00,0.00,0.00,0.000
752.76,26.70,125.00,125.00,0.00,0.00,0.000
752.61,26.70,125.00,125.00,0.00,0.00,0.000
752.53,26.70,125.00,125.00,0.00,0.00,0.000
752.29,26.80,125.00,125.00,0.00,0.00,0.000
752.36,26.70,125.00,125.00,0.00,0.00,0.000
752.18,26.70,125.00,125.00,0.00,0.00,0.000
752.21,26.70,125.00,125.00,0.00,0.00,0.000
752.20,26.70,125.00,125.00,0.00,0.00,0.000
752.16,26.70,125.00,125.00,0.00,0.00,0.000
752.18,26.70,125.00,125.00,0.00,0.00,0.000
752.10,26.70,125.00,125.00,0.00,0.00,0.000
752.06,26.70,125.00,125.00,0.00,0.00,0.000
752.00,26.70,125.00,125.00,0.00,0.00,0.000
751.89,26.60,125.00,125.00,0.00,0.00,0.000
751.93,26.50,125.00,125.00,0.00,0.00,0.000
751.85,26.40,125.00,125.00,0.00,0.00,0.000
751.71,26.30,125.00,125.00,0.00,0.00,0.000
751.68,26.20,125.00,125.00,0.00,0.00,0.000
751.60,26.00,125.00,125.00,0.00,0.00,0.000
751.55,25.80,125.00,125.00,0.00,0.00,0.000
751.47,25.70,125.00,125.00,0.00,0.00,0.000
751.40,25.60,125.00,125.00,0.00,0.00,0.000
751.37,25.60,125.00,125.00,0.00,0.00,0.000
751.35,25.40,125.00,125.00,0.00,0.00,0.000
751.38,25.40,125.00,125.00,0.00,0.00,0.000
751.36,25.30,125.00,125.00,0.00,0.00,0.000
751.30,25.20,125.00,125.00,0.00,0.00,0.000
751.28,25.20,125.00,125.00,0.00,0.00,0.000
751.33,25.10,125.00,125.00,0.00,0.00,0.000
751.28,25.10,125.00,125.00,0.00,0.00,0.000
751.35,25.10,125.00,125.00,0.00,0.00,0.000
751.41,25.10,125.00,125.00,0.00,0.00,0.000
751.46,25.10,62.50,125.00,0.00,0.00,0.000
751.36,25.10,125.00,125.00,0.00,0.00,0.000
751.45,25.20,125.00,125.00,0.00,0.00,0.000
751.56,25.30,62.50,125.00,0.00,0.00,0.000
751.80,25.30,125.00,125.00,0.00,0.00,0.000
751.80,25.30,125.00,125.00,0.00,0.00,0.000
751.79,25.50,125.00,125.00,0.00,0.00,0.000
751.83,25.60,125.00,125.00,0.00,0.00,0.000
751.90,25.70,125.00,125.00,0.00,0.00,0.000
751.85,25.80,125.00,125.00,0.00,0.00,0.000
751.57,25.80,125.00,125.00,0.00,0.00,0.000
751.53,26.00,125.00,125.00,0.00,0.00,0.000
751.53,26.00,125.00,125.00,0.00,0.00,0.000
751.50,26.00,125.00,125.00,0.00,0.00,0.000
751.46,26.10,125.00,125.00,0.00,0.00,0.000
751.57,26.20,125.00,125.00,0.00,0.00,0.000
751.59,26.20,125.00,125.00,0.00,0.00,0.000
751.53,26.20,125.00,125.00,0.00,0.00,0.000
751.46,26.20,125.00,125.00,0.00,0.00,0.000
751.32,26.30,125.00,125.00,0.00,0.00,0.000
751.34,26.30,125.00,125.00,0.00,0.00,0.000
751.18,26.30,125.00,125.00,0.00,0.00,0.000
751.11,26.40,125.00,125.00,0.00,0.00,0.000
751.02,26.40,125.00,125.00,0.00,0.00,0.000
751.06,26.40,125.00,125.00,0.00,0.00,0.000
750.99,26.50,125.00,125.00,0.00,0.00,0.000
750.68,26.60,125.00,125.00,0.00,0.00,0.000
750.96,26.70,125.00,125.00,0.00,0.00,0.000
750.89,26.70,125.00,125.00,0.00,0.00,0.000
750.90,26.80,125.00,125.00,0.00,0.00,0.000
750.83,26.90,125.00,125.00,0.00,0.00,0.000
750.83,26.90,125.00,125.00,0.00,0.00,0.000
750.79,26.90,125.00,125.00,0.00,0.00,0.000
750.65,26.90,125.00,125.00,0.00,0.00,0.000
750.63,26.90,125.00,125.00,0.00,0.00,0.000
750.61,26.80,125.00,125.00,0.00,0.00,0.000
750.65,26.80,125.00,125.00,0.00,0.00,0.000
750.45,26.80,125.00,125.00,0.00,0.00,0.000
750.60,26.80,125.00,125.00,0.00,0.00,0.000
750.49,26.70,125.00,125.00,0.00,0.00,0.000
750.45,26.60,125.00,125.00,0.00,0.00,0.000
750.37,26.40,125.00,125.00,0.00,0.00,0.000
750.36,26.30,125.00,125.00,0.00,0.00,0.000
750.25,26.10,125.00,125.00,0.00,0.00,0.000
750.07,26.00,125.00,125.00,0.00,0.00,0.000
750.07,25.90,125.00,125.00,0.00,0.00,0.000
750.08,25.70,125.00,125.00,0.00,0.00,0.000
750.03,25.60,125.00,125.00,0.00,0.00,0.000
749.97,25.50,125.00,125.00,0.00,0.00,0.000
749.98,25.50,125.00,125.00,0.00,0.00,0.000
749.99,25.30,125.00,125.00,0.00,0.00,0.000
749.99,25.20,125.00,125.00,0.00,0.00,0.000
749.99,25.10,125.00,125.00,0.00,0.00,0.000
749.99,25.10,125.00,125.00,0.00,0.00,0.000
750.03,25.10,125.00,125.00,0.00,0.00,0.000
750.04,25.10,125.00,125.00,0.00,0.00,0.000
750.01,25.00,125.00,125.00,0.00,0.00,0.000
750.05,25.00,125.00,125.00,0.00,0.00,0.000
750.04,25.00,62.50,125.00,0.00,0.00,0.000
750.05,25.10,125.00,125.00,0.00,0.00,0.000
750.04,25.10,125.00,125.00,0.00,0.00,0.000
749.98,25.20,125.00,125.00,0.00,0.00,0.000
749.96,25.10,125.00,125.00,0.00,0.00,0.000
750.03,25.20,125.00,125.00,0.00,0.00,0.000
750.05,25.30,125.00,125.00,0.00,0.00,0.000
750.03,25.30,125.00,125.00,0.00,0.00,0.000
750.08,25.40,125.00,125.00,0.00,0.00,0.000
750.09,25.40,125.00,125.00,0.00,0.00,0.000
749.87,25.50,125.00,125.00,0.00,0.00,0.000
749.92,25.50,125.00,125.00,0.00,0.00,0.000
749.88,25.60,125.00,125.00,0.00,0.00,0.000
749.88,25.60,125.00,125.00,0.00,0.00,0.000
749.97,25.70,125.00,125.00,0.00,0.00,0.000
749.95,25.60,125.00,125.00,0.00,0.00,0.000
749.91,25.70,125.00,125.00,0.00,0.00,0.000
749.81,25.70,125.00,125.00,0.00,0.00,0.000
749.72,25.70,125.00,125.00,0.00,0.00,0.000
749.65,25.80,125.00,125.00,0.00,0.00,0.000
749.65,25.80,125.00,125.00,0.00,0.00,0.000
749.51,25.80,125.00,125.00,0.00,0.00,0.000
749.51,25.80,125.00,125.00,0.00,0.00,0.000
749.51,25.80,125.00,125.00,0.00,0.00,0.000
749.49,25.90,125.00,125.00,0.00,0.00,0.000
749.52,25.90,125.00,125.00,0.00,0.00,0.000
749.41,25.90,125.00,125.00,0.00,0.00,0.000
749.32,26.00,125.00,125.00,0.00,0.00,0.000
749.36,26.20,125.00,125.00,0.00,0.00,0.000
749.32,26.10,125.00,125.00,0.00,0.00,0.000
749.21,26.30,125.00,125.00,0.00,0.00,0.000
749.11,26.30,125.00,125.00,0.00,0.00,0.000
749.30,26.40,125.00,125.00,0.00,0.00,0.000
749.15,26.30,125.00,125.00,0.00,0.00,0.000
749.25,26.30,125.00,125.00,0.00,0.00,0.000
749.18,26.30,125.00,125.00,0.00,0.00,0.000
749.13,26.20,125.00,125.00,0.00,0.00,0.000
748.84,26.20,125.00,125.00,0.00,0.00,0.000
748.83,26.10,125.00,125.00,0.00,0.00,0.000
748.74,26.10,125.00,125.00,0.00,0.00,0.000
748.76,26.00,125.00,125.00,0.00,0.00,0.000
748.61,25.90,125.00,125.00,0.00,0.00,0.000
748.60,25.90,125.00,125.00,0.00,0.00,0.000
748.49,25.80,125.00,125.00,0.00,0.00,0.000
748.44,25.80,125.00,125.00,0.00,0.00,0.000
748.49,25.70,125.00,125.00,0.00,0.00,0.000
748.45,25.60,125.00,125.00,0.00,0.00,0.000
748.33,25.50,125.00,125.00,0.00,0.00,0.000
748.53,25.40,125.00,125.00,0.00,0.00,0.000
748.44,25.30,125.00,125.00,0.00,0.00,0.000
748.48,25.30,125.00,125.00,0.00,0.00,0.000
748.50,25.20,125.00,125.00,0.00,0.00,0.000
748.45,25.20,125.00,125.00,0.00,0.00,0.000
748.54,25.20,125.00,125.00,0.00,0.00,0.000
748.51,25.20,125.00,125.00,0.00,0.00,0.000
748.65,25.30,62.50,125.00,0.00,0.00,0.000
748.70,25.30,125.00,125.00,0.00,0.00,0.000
748.64,25.30,125.00,125.00,0.00,0.00,0.000
748.48,25.30,62.50,125.00,0.00,0.00,0.000
748.58,25.30,125.00,125.00,0.00,0.00,0.000
748.60,25.40,125.00,125.00,0.00,0.00,0.000
748.63,25.50,125.00,125.00,0.00,0.00,0.000
748.55,25.50,125.00,125.00,0.00,0.00,0.000
748.64,25.60,125.00,125.00,0.00,0.00,0.000
748.57,25.70,125.00,125.00,0.00,0.00,0.000
748.59,25.80,125.00,125.00,0.00,0.00,0.000
748.57,25.80,125.00,125.00,0.00,0.00,0.000
748.50,25.90,125.00,125.00,0.00,0.00,0.000
748.52,26.00,125.00,125.00,0.00,0.00,0.000
748.49,26.10,125.00,125.00,0.00,0.00,0.000
748.42,26.10,125.00,125.00,0.00,0.00,0.000
748.40,26.20,125.00,125.00,0.00,0.00,0.000
748.35,26.30,125.00,125.00,0.00,0.00,0.000
748.34,26.40,125.00,125.00,0.00,0.00,0.000
748.19,26.40,125.00,125.00,0.00,0.00,0.000
748.22,26.50,125.00,125.00,0.00,0.00,0.000
748.22,26.60,125.00,125.00,0.00,0.00,0.000
748.08,26.60,125.00,125.00,0.00,0.00,0.000
747.90,26.50,125.00,125.00,0.00,0.00,0.000
748.10,26.50,125.00,125.00,0.00,0.00,0.000
748.04,26.50,125.00,125.00,0.00,0.00,0.000
747.89,26.50,125.00,125.00,0.00,0.00,0.000
747.84,26.50,125.00,125.00,0.00,0.00,0.000
747.79,26.60,125.00,125.00,0.00,0.00,0.000
747.75,26.60,125.00,125.00,0.00,0.00,0.000
747.74,26.60,125.00,125.00,0.00,0.00,0.000
747.87,26.70,125.00,125.00,0.00,0.00,0.000
747.83,26.80,125.00,125.00,0.00,0.00,0.000
747.52,26.90,125.00,125.00,0.00,0.00,0.000
747.56,26.90,125.00,125.00,0.00,0.00,0.000
747.55,26.90,125.00,125.00,0.00,0.00,0.000
747.49,26.90,125.00,125.00,0.00,0.00,0.000
747.48,26.90,125.00,125.00,0.00,0.00,0.000
747.43,26.80,125.00,125.00,0.00,0.00,0.000
747.42,26.80,125.00,125.00,0.00,0.00,0.000
747.46,26.70,125.00,125.00,0.00,0.00,0.000
747.29,26.70,125.00,125.00,0.00,0.00,0.000
747.26,26.60,125.00,125.00,0.00,0.00,0.000
747.22,26.50,125.00,125.00,0.00,0.00,0.000
747.35,26.40,125.00,125.00,0.00,0.00,0.000
747.28,26.20,125.00,125.00,0.00,0.00,0.000
747.19,26.20,125.00,125.00,0.00,0.00,0.000
747.09,26.10,125.00,125.00,0.00,0.00,0.000
747.01,26.00,125.00,125.00,0.00,0.00,0.000
747.08,26.00,125.00,125.00,0.00,0.00,0.000
746.84,25.80,125.00,125.00,0.00,0.00,0.000
746.82,25.80,125.00,125.00,0.00,0.00,0.000
746.96,25.70,125.00,125.00,0.00,0.00,0.000
746.81,25.60,125.00,125.00,0.00,0.00,0.000
747.24,25.50,125.00,125.00,0.00,0.00,0.000
747.29,25.40,125.00,125.00,0.00,0.00,0.000
747.23,25.40,125.00,125.00,0.00,0.00,0.000
747.34,25.40,125.00,125.00,0.00,0.00,0.000
747.28,25.30,125.00,125.00,0.00,0.00,0.000
747.31,25.30,125.00,125.00,0.00,0.00,0.000
747.35,25.30,125.00,125.00,0.00,0.00,0.000
747.29,25.30,62.50,125.00,0.00,0.00,0.000
747.30,25.30,125.00,125.00,0.00,0.00,0.000
747.23,25.40,125.00,125.00,0.00,0.00,0.000
747.19,25.50,125.00,125.00,0.00,0.00,0.000
747.46,25.50,125.00,125.00,0.00,0.00,0.000
747.39,25.50,125.00,125.00,0.00,0.00,0.000
747.42,25.60,125.00,125.00,0.00,0.00,0.000
747.30,25.60,125.00,125.00,0.00,0.00,0.000
747.33,25.70,125.00,125.00,0.00,0.00,0.000
747.29,25.70,125.00,125.00,0.00,0.00,0.000
747.35,25.70,125.00,125.00,0.00,0.00,0.000
747.33,25.70,125.00,125.00,0.00,0.00,0.000
747.18,25.70,125.00,125.00,0.00,0.00,0.000
747.18,25.80,125.00,125.00,0.00,0.00,0.000
747.16,25.80,125.00,125.00,0.00,0.00,0.000
747.13,25.80,125.00,125.00,0.00,0.00,0.000
746.86,25.90,125.00,125.00,0.00,0.00,0.000
746.83,25.90,125.00,125.00,0.00,0.00,0.000
746.78,25.90,125.00,125.00,0.00,0.00,0.000
746.77,26.00,125.00,125.00,0.00,0.00,0.000
746.76,26.10,125.00,125.00,0.00,0.00,0.000
746.67,26.10,125.00,125.00,0.00,0.00,0.000
746.66,26.10,125.00,125.00,0.00,0.00,0.000
746.62,26.10,125.00,125.00,0.00,0.00,0.000
746.51,26.10,125.00,125.00,0.00,0.00,0.000
746.67,26.10,125.00,125.00,0.00,0.00,0.000
746.66,26.10,125.00,125.00,0.00,0.00,0.000
746.60,26.20,125.00,125.00,0.00,0.00,0.000
746.58,26.20,125.00,125.00,0.00,0.00,0.000
746.47,26.30,125.00,125.00,0.00,0.00,0.000
746.47,26.30,125.00,125.00,0.00,0.00,0.000
746.48,26.30,125.00,125.00,0.00,0.00,0.000
746.48,26.40,125.00,125.00,0.00,0.00,0.000
746.72,26.40,125.00,125.00,0.00,0.00,0.000
746.46,26.40,125.00,125.00,0.00,0.00,0.000
746.28,26.50,125.00,125.00,0.00,0.00,0.000
746.01,26.50,125.00,125.00,0.00,0.00,0.000
746.25,26.40,125.00,125.00,0.00,0.00,0.000
746.15,26.40,125.00,125.00,0.00,0.00,0.000
746.15,26.40,125.00,125.00,0.00,0.00,0.000
746.12,26.30,125.00,125.00,0.00,0.00,0.000
745.95,26.30,125.00,125.00,0.00,0.00,0.000
746.12,26.10,125.00,125.00,0.00,0.00,0.000
746.04,26.00,125.00,125.00,0.00,0.00,0.000
745.93,26.00,125.00,125.00,0.00,0.00,0.000
745.91,25.90,125.00,125.00,0.00,0.00,0.000
745.73,25.80,125.00,125.00,0.00,0.00,0.000
745.76,25.70,125.00,125.00,0.00,0.00,0.000
745.77,25.60,125.00,125.00,0.00,0.00,0.000
745.82,25.60,125.00,125.00,0.00,0.00,0.000
745.77,25.60,125.00,125.00,0.00,0.00,0.000
745.75,25.60,125.00,125.00,0.00,0.00,0.000
745.81,25.60,125.00,125.00,0.00,0.00,0.000
745.84,25.60,125.00,125.00,0.00,0.00,0.000
745.85,25.70,125.00,125.00,0.00,0.00,0.000
745.91,25.70,125.00,125.00,0.00,0.00,0.000
745.93,25.70,125.00,125.00,0.00,0.00,0.000
745.99,25.80,125.00,125.00,0.00,0.00,0.000
745.96,25.90,125.00,125.00,0.00,0.00,0.000
745.98,25.90,125.00,125.00,0.00,0.00,0.000
746.00,25.90,125.00,125.00,0.00,0.00,0.000
746.02,26.00,125.00,125.00,0.00,0.00,0.000
745.96,26.10,125.00,125.00,0.00,0.00,0.000
745.77,26.10,125.00,125.00,0.00,0.00,0.000
745.80,26.10,125.00,125.00,0.00,0.00,0.000
745.75,26.20,125.00,125.00,0.00,0.00,0.000
745.82,26.20,125.00,125.00,0.00,0.00,0.000
745.72,26.20,125.00,125.00,0.00,0.00,0.000
745.63,26.30,125.00,125.00,0.00,0.00,0.000
745.62,26.30,125.00,125.00,0.00,0.00,0.000
745.62,26.40,125.00,125.00,0.00,0.00,0.000
745.58,26.50,125.00,125.00,0.00,0.00,0.000
745.58,26.50,125.00,125.00,0.00,0.00,0.000
745.53,26.60,125.00,125.00,0.00,0.00,0.000
745.46,26.60,125.00,125.00,0.00,0.00,0.000
745.44,26.60,125.00,125.00,0.00,0.00,0.000
745.40,26.60,125.00,125.00,0.00,0.00,0.000
745.41,26.70,125.00,125.00,0.00,0.00,0.000
745.30,26.70,125.00,125.00,0.00,0.00,0.000
745.27,26.70,125.00,125.00,0.00,0.00,0.000
745.26,26.80,125.00,125.00,0.00,0.00,0.000
745.16,26.80,125.00,125.00,0.00,0.00,0.000
745.17,26.80,125.00,125.00,0.00,0.00,0.000
745.06,26.90,125.00,125.00,0.00,0.00,0.000
744.91,26.90,125.00,125.00,0.00,0.00,0.000
744.93,26.90,125.00,125.00,0.00,0.00,0.000
744.81,26.80,125.00,125.00,0.00,0.00,0.000
744.89,26.70,125.00,125.00,0.00,0.00,0.000
744.82,26.70,125.00,125.00,0.00,0.00,0.000
744.78,26.60,125.00,125.00,0.00,0.00,0.000
744.80,26.60,125.00,125.00,0.00,0.00,0.000
744.73,26.40,125.00,125.00,0.00,0.00,0.000
744.66,26.30,125.00,125.00,0.00,0.00,0.000
744.66,26.30,125.00,125.00,0.00,0.00,0.000
744.55,26.20,125.00,125.00,0.00,0.00,0.000
744.40,26.20,125.00,125.00,0.00,0.00,0.000
744.42,26.10,125.00,125.00,0.00,0.00,0.000
744.31,26.00,125.00,125.00,0.00,0.00,0.000
744.27,25.90,125.00,125.00,0.00,0.00,0.000
744.42,25.80,125.00,125.00,0.00,0.00,0.000
744.31,25.80,125.00,125.00,0.00,0.00,0.000
744.43,25.70,125.00,125.00,0.00,0.00,0.000
744.33,25.70,125.00,125.00,0.00,0.00,0.000
744.38,25.60,125.00,125.00,0.00,0.00,0.000
744.36,25.60,125.00,125.00,0.00,0.00,0.000
744.39,25.60,125.00,125.00,0.00,0.00,0.000
744.44,25.60,125.00,125.00,0.00,0.00,0.000
744.44,25.60,125.00,125.00,0.00,0.00,0.000
744.48,25.60,125.00,125.00,0.00,0.00,0.000
744.45,25.60,125.00,125.00,0.00,0.00,0.000
744.54,25.60,125.00,125.00,0.00,0.00,0.000
744.56,25.80,125.00,125.00,0.00,0.00,0.000
744.54,25.80,125.00,125.00,0.00,0.00,0.000
744.56,25.90,125.00,125.00,0.00,0.00,0.000
744.60,26.00,125.00,125.00,0.00,0.00,0.000
744.58,26.10,125.00,125.00,0.00,0.00,0.000
744.54,26.00,125.00,125.00,0.00,0.00,0.000
744.52,26.10,125.00,125.00,0.00,0.00,0.000
744.23,26.00,125.00,125.00,0.00,0.00,0.000
744.24,26.10,125.00,125.00,0.00,0.00,0.000
744.31,26.20,125.00,125.00,0.00,0.00,0.000
744.39,26.20,125.00,125.00,0.00,0.00,0.000
744.66,26.20,125.00,125.00,0.00,0.00,0.000
744.32,26.20,125.00,125.00,0.00,0.00,0.000
744.50,26.30,125.00,125.00,0.00,0.00,0.000
744.47,26.40,125.00,125.00,0.00,0.00,0.000
744.46,26.50,125.00,125.00,0.00,0.00,0.000
744.44,26.40,125.00,125.00,0.00,0.00,0.000
744.29,26.40,125.00,125.00,0.00,0.00,0.000
744.20,26.40,125.00,125.00,0.00,0.00,0.000
744.14,26.50,125.00,125.00,0.00,0.00,0.000
743.99,26.60,125.00,125.00,0.00,0.00,0.000
744.06,26.60,125.00,125.00,0.00,0.00,0.000
744.01,26.60,125.00,125.00,0.00,0.00,0.000
744.01,26.60,125.00,125.00,0.00,0.00,0.000
743.94,26.70,125.00,125.00,0.00,0.00,0.000
743.92,26.70,125.00,125.00,0.00,0.00,0.000
743.82,26.80,125.00,125.00,0.00,0.00,0.000
743.89,26.90,125.00,125.00,0.00,0.00,0.000
743.75,26.90,125.00,125.00,0.00,0.00,0.000
743.77,26.90,125.00,125.00,0.00,0.00,0.000
743.79,26.80,125.00,125.00,0.00,0.00,0.000
743.69,26.90,125.00,125.00,0.00,0.00,0.000
743.73,26.90,125.00,125.00,0.00,0.00,0.000
743.65,26.80,125.00,125.00,0.00,0.00,0.000
743.72,26.70,125.00,125.00,0.00,0.00,0.000
743.38,26.60,125.00,125.00,0.00,0.00,0.000
743.30,26.50,125.00,125.00,0.00,0.00,0.000
743.21,26.50,125.00,125.00,0.00,0.00,0.000
743.16,26.40,125.00,125.00,0.00,0.00,0.000
743.16,26.30,125.00,125.00,0.00,0.00,0.000
743.08,26.20,125.00,125.00,0.00,0.00,0.000
742.98,26.10,125.00,125.00,0.00,0.00,0.000
742.96,26.00,125.00,125.00,0.00,0.00,0.000
742.86,26.00,125.00,125.00,0.00,0.00,0.000
742.84,25.80,125.00,125.00,0.00,0.00,0.000
742.88,25.80,125.00,125.00,0.00,0.00,0.000
742.82,25.70,125.00,125.00,0.00,0.00,0.000
742.87,25.70,125.00,125.00,0.00,0.00,0.000
742.83,25.70,125.00,125.00,0.00,0.00,0.000
742.91,25.60,125.00,125.00,0.00,0.00,0.000
742.80,25.60,125.00,125.00,0.00,0.00,0.000
743.03,25.60,125.00,125.00,0.00,0.00,0.000
743.00,25.60,125.00,125.00,0.00,0.00,0.000
743.05,25.50,125.00,125.00,0.00,0.00,0.000
743.09,25.50,125.00,125.00,0.00,0.00,0.000
743.06,25.50,125.00,125.00,0.00,0.00,0.000
743.16,25.60,125.00,125.00,0.00,0.00,0.000
743.11,25.60,125.00,125.00,0.00,0.00,0.000
743.16,25.70,125.00,125.00,0.00,0.00,0.000
743.13,25.70,125.00,125.00,0.00,0.00,0.000
743.19,25.70,125.00,125.00,0.00,0.00,0.000
743.23,25.70,125.00,125.00,0.00,0.00,0.000
743.21,25.80,125.00,125.00,0.00,0.00,0.000
743.17,25.80,125.00,125.00,0.00,0.00,0.000
743.12,25.80,125.00,125.00,0.00,0.00,0.000
743.08,25.90,125.00,125.00,0.00,0.00,0.000
743.08,26.00,125.00,125.00,0.00,0.00,0.000
743.07,26.00,125.00,125.00,0.00,0.00,0.000
743.37,26.00,125.00,125.00,0.00,0.00,0.000
743.35,26.00,125.00,125.00,0.00,0.00,0.000
743.00,26.10,125.00,125.00,0.00,0.00,0.000
742.92,26.10,125.00,125.00,0.00,0.00,0.000
743.07,26.20,125.00,125.00,0.00,0.00,0.000
743.03,26.30,125.00,125.00,0.00,0.00,0.000
743.02,26.30,125.00,125.00,0.00,0.00,0.000
743.06,26.30,125.00,125.00,0.00,0.00,0.000
742.94,26.40,125.00,125.00,0.00,0.00,0.000
742.77,26.40,125.00,125.00,0.00,0.00,0.000
742.72,26.40,125.00,125.00,0.00,0.00,0.000
742.87,26.50,125.00,125.00,0.00,0.00,0.000
742.86,26.50,125.00,125.00,0.00,0.00,0.000
742.84,26.60,125.00,125.00,0.00,0.00,0.000
742.79,26.60,125.00,125.00,0.00,0.00,0.000
742.71,26.80,125.00,125.00,0.00,0.00,0.000
742.54,26.90,125.00,125.00,0.00,0.00,0.000
742.62,27.00,125.00,125.00,0.00,0.00,0.000
742.54,27.00,125.00,125.00,0.00,0.00,0.000
742.47,27.00,125.00,125.00,0.00,0.00,0.000
742.53,27.00,125.00,125.00,0.00,0.00,0.000
742.52,27.00,125.00,125.00,0.00,0.00,0.000
742.43,27.00,125.00,125.00,0.00,0.00,0.000
742.43,26.90,125.00,125.00,0.00,0.00,0.000
742.31,27.00,125.00,125.00,0.00,0.00,0.000
742.37,26.90,125.00,125.00,0.00,0.00,0.000
742.29,26.80,125.00,125.00,0.00,0.00,0.000
742.15,26.80,125.00,125.00,0.00,0.00,0.000
742.06,26.70,125.00,125.00,0.00,0.00,0.000
742.08,26.70,125.00,125.00,0.00,0.00,0.000
741.95,26.50,125.00,125.00,0.00,0.00,0.000
741.93,26.50,125.00,125.00,0.00,0.00,0.000
741.85,26.40,125.00,125.00,0.00,0.00,0.000
741.75,26.30,125.00,125.00,0.00,0.00,0.000
741.77,26.20,125.00,125.00,0.00,0.00,0.000
741.76,26.20,125.00,125.00,0.00,0.00,0.000
741.77,26.10,125.00,125.00,0.00,0.00,0.000
741.72,26.10,125.00,125.00,0.00,0.00,0.000
741.79,26.00,125.00,125.00,0.00,0.00,0.000
741.78,26.00,125.00,125.00,0.00,0.00,0.000
741.60,26.00,125.00,125.00,0.00,0.00,0.000
741.82,26.00,125.00,125.00,0.00,0.00,0.000
741.74,26.00,125.00,125.00,0.00,0.00,0.000
741.80,25.90,125.00,125.00,0.00,0.00,0.000
741.91,26.00,102.80,125.00,0.00,0.00,0.000
742.00,26.00,95.00,125.00,0.00,0.00,0.000
741.91,26.00,94.90,125.00,0.00,0.00,0.000
741.86,26.00,94.80,125.00,0.00,0.00,0.000
741.79,26.10,94.90,125.00,0.00,0.00,0.000
741.83,26.20,94.90,125.00,0.00,0.00,0.000
741.91,26.30,95.20,125.00,0.00,0.00,0.000
741.93,26.40,103.00,125.00,0.00,0.00,0.000
741.81,26.40,103.20,125.00,0.00,0.00,0.000
741.78,26.50,125.00,125.00,0.00,0.00,0.000
741.77,26.60,125.00,125.00,0.00,0.00,0.000
741.79,26.60,125.00,125.00,0.00,0.00,0.000
741.83,26.60,125.00,125.00,0.00,0.00,0.000
742.01,26.60,125.00,125.00,0.00,0.00,0.000
741.98,26.70,125.00,125.00,0.00,0.00,0.000
741.90,26.80,125.00,125.00,0.00,0.00,0.000
741.91,26.80,125.00,125.00,0.00,0.00,0.000
741.97,26.80,125.00,125.00,0.00,0.00,0.000
741.82,26.90,125.00,125.00,0.00,0.00,0.000
742.03,26.90,125.00,125.00,0.00,0.00,0.000
741.88,27.00,125.00,125.00,0.00,0.00,0.000
741.74,27.00,125.00,125.00,0.00,0.00,0.000
741.82,27.00,125.00,125.00,0.00,0.00,0.000
741.67,27.00,125.00,125.00,0.00,0.00,0.000
741.67,27.00,125.00,125.00,0.00,0.00,0.000
741.68,27.00,125.00,125.00,0.00,0.00,0.000
741.58,27.00,125.00,125.00,0.00,0.00,0.000
741.54,27.00,125.00,125.00,0.00,0.00,0.000
741.53,27.00,125.00,125.00,0.00,0.00,0.000
741.59,27.00,125.00,125.00,0.00,0.00,0.000
741.52,27.00,125.00,125.00,0.00,0.00,0.000
741.40,27.00,125.00,125.00,0.00,0.00,0.000
741.44,26.90,125.00,125.00,0.00,0.00,0.000
741.56,26.90,125.00,125.00,0.00,0.00,0.000
741.44,26.90,125.00,125.00,0.00,0.00,0.000
741.30,26.80,125.00,125.00,0.00,0.00,0.000
741.23,26.70,125.00,125.00,0.00,0.00,0.000
741.23,26.60,125.00,125.00,0.00,0.00,0.000
741.18,26.60,125.00,125.00,0.00,0.00,0.000
741.10,26.60,125.00,125.00,0.00,0.00,0.000
741.04,26.40,125.00,125.00,0.00,0.00,0.000
740.89,26.30,125.00,125.00,0.00,0.00,0.000
740.78,26.30,125.00,125.00,0.00,0.00,0.000
740.88,26.30,125.00,125.00,0.00,0.00,0.000
740.74,26.20,125.00,125.00,0.00,0.00,0.000
740.70,26.00,125.00,125.00,0.00,0.00,0.000
740.71,26.00,125.00,125.00,0.00,0.00,0.000
740.68,25.90,125.00,125.00,0.00,0.00,0.000
740.72,25.90,125.00,125.00,0.00,0.00,0.000
740.68,25.80,125.00,125.00,0.00,0.00,0.000
740.74,25.70,125.00,125.00,0.00,0.00,0.000
740.70,25.70,125.00,125.00,0.00,0.00,0.000
740.71,25.70,125.00,125.00,0.00,0.00,0.000
740.77,25.70,125.00,125.00,0.00,0.00,0.000
740.89,25.70,95.50,125.00,0.00,0.00,0.000
740.91,25.80,95.20,125.00,0.00,0.00,0.000
740.92,25.90,94.80,125.00,0.00,0.00,0.000
741.00,25.90,94.80,125.00,0.00,0.00,0.000
740.96,25.90,90.90,125.00,0.00,0.00,0.000
740.88,26.00,91.00,125.00,0.00,0.00,0.000
741.03,26.10,94.90,125.00,0.00,0.00,0.000
740.96,26.20,95.00,125.00,0.00,0.00,0.000
740.96,26.30,95.40,125.00,0.00,0.00,0.000
740.94,26.40,95.60,125.00,0.00,0.00,0.000
740.86,26.40,103.60,125.00,0.00,0.00,0.000
740.92,26.40,125.00,125.00,0.00,0.00,0.000
740.97,26.40,125.00,125.00,0.00,0.00,0.000
740.89,26.50,125.00,125.00,0.00,0.00,0.000
740.77,26.60,125.00,125.00,0.00,0.00,0.000
740.79,26.60,125.00,125.00,0.00,0.00,0.000
740.77,26.60,125.00,125.00,0.00,0.00,0.000
740.75,26.60,125.00,125.00,0.00,0.00,0.000
740.71,26.60,125.00,125.00,0.00,0.00,0.000
740.77,26.60,125.00,125.00,0.00,0.00,0.000
740.66,26.70,125.00,125.00,0.00,0.00,0.000
740.60,26.70,125.00,125.00,0.00,0.00,0.000
740.54,26.80,125.00,125.00,0.00,0.00,0.000
740.57,26.80,125.00,125.00,0.00,0.00,0.000
740.45,26.90,125.00,125.00,0.00,0.00,0.000
740.46,27.00,125.00,125.00,0.00,0.00,0.000
740.41,27.00,125.00,125.00,0.00,0.00,0.000
740.50,27.00,125.00,125.00,0.00,0.00,0.000
740.38,27.00,125.00,125.00,0.00,0.00,0.000
740.36,27.10,125.00,125.00,0.00,0.00,0.000
740.24,27.20,125.00,125.00,0.00,0.00,0.000
740.23,27.20,125.00,125.00,0.00,0.00,0.000
740.18,27.20,125.00,125.00,0.00,0.00,0.000
740.22,27.30,125.00,125.00,0.00,0.00,0.000
740.22,27.30,125.00,125.00,0.00,0.00,0.000
740.11,27.20,125.00,125.00,0.00,0.00,0.000
740.02,27.10,125.00,125.00,0.00,0.00,0.000
740.09,27.10,125.00,125.00,0.00,0.00,0.000
739.96,27.00,125.00,125.00,0.00,0.00,0.000
739.91,26.80,125.00,125.00,0.00,0.00,0.000
739.88,26.80,125.00,125.00,0.00,0.00,0.000
739.81,26.60,125.00,125.00,0.00,0.00,0.000
739.68,26.50,125.00,125.00,0.00,0.00,0.000
739.61,26.40,125.00,125.00,0.00,0.00,0.000
739.58,26.30,125.00,125.00,0.00,0.00,0.000
739.52,26.10,125.00,125.00,0.00,0.00,0.000
739.41,26.00,125.00,125.00,0.00,0.00,0.000
739.41,26.00,125.00,125.00,0.00,0.00,0.000
739.44,25.90,125.00,125.00,0.00,0.00,0.000
739.25,25.80,125.00,125.00,0.00,0.00,0.000
739.33,25.70,125.00,125.00,0.00,0.00,0.000
739.30,25.70,125.00,125.00,0.00,0.00,0.000
739.32,25.60,125.00,125.00,0.00,0.00,0.000
739.43,25.60,125.00,125.00,0.00,0.00,0.000
739.41,25.70,96.20,125.00,0.00,0.00,0.000
739.54,25.70,95.80,125.00,0.00,0.00,0.000
739.50,25.70,91.30,125.00,0.00,0.00,0.000
739.57,25.70,91.10,125.00,0.00,0.00,0.000
739.75,25.80,90.90,125.00,0.00,0.00,0.000
739.65,25.90,90.60,125.00,0.00,0.00,0.000
739.58,25.90,90.60,125.00,0.00,0.00,0.000
739.80,25.90,90.60,125.00,0.00,0.00,0.000
739.72,25.90,90.80,125.00,0.00,0.00,0.000
739.69,26.00,90.90,125.00,0.00,0.00,0.000
739.74,26.10,91.10,125.00,0.00,0.00,0.000
739.75,26.10,91.50,125.00,0.00,0.00,0.000
739.76,26.20,95.60,125.00,0.00,0.00,0.000
739.36,26.30,95.90,125.00,0.00,0.00,0.000
739.43,26.40,104.20,125.00,0.00,0.00,0.000
739.46,26.50,125.00,125.00,0.00,0.00,0.000
739.67,26.50,125.00,125.00,0.00,0.00,0.000
739.55,26.60,125.00,125.00,0.00,0.00,0.000
739.66,26.60,125.00,125.00,0.00,0.00,0.000
739.56,26.70,125.00,125.00,0.00,0.00,0.000
739.52,26.70,125.00,125.00,0.00,0.00,0.000
739.49,26.70,125.00,125.00,0.00,0.00,0.000
739.46,26.70,125.00,125.00,0.00,0.00,0.000
739.42,26.70,125.00,125.00,0.00,0.00,0.000
739.43,26.70,125.00,125.00,0.00,0.00,0.000
739.35,26.70,125.00,125.00,0.00,0.00,0.000
739.23,26.70,125.00,125.00,0.00,0.00,0.000
739.23,26.80,125.00,125.00,0.00,0.00,0.000
739.14,26.90,125.00,125.00,0.00,0.00,0.000
739.00,26.80,125.00,125.00,0.00,0.00,0.000
739.03,26.80,125.00,125.00,0.00,0.00,0.000
739.01,26.80,125.00,125.00,0.00,0.00,0.000
739.00,26.90,125.00,125.00,0.00,0.00,0.000
739.03,26.80,125.00,125.00,0.00,0.00,0.000
738.91,26.80,125.00,125.00,0.00,0.00,0.000
738.97,26.70,125.00,125.00,0.00,0.00,0.000
738.94,26.70,125.00,125.00,0.00,0.00,0.000
738.90,26.70,125.00,125.00,0.00,0.00,0.000
738.91,26.70,125.00,125.00,0.00,0.00,0.000
739.02,26.70,125.00,125.00,0.00,0.00,0.000
738.87,26.60,125.00,125.00,0.00,0.00,0.000
738.90,26.50,125.00,125.00,0.00,0.00,0.000
738.77,26.40,125.00,125.00,0.00,0.00,0.000
738.78,26.40,125.00,125.00,0.00,0.00,0.000
738.69,26.20,125.00,125.00,0.00,0.00,0.000
738.43,26.10,125.00,125.00,0.00,0.00,0.000
738.54,26.00,125.00,125.00,0.00,0.00,0.000
738.54,25.90,125.00,125.00,0.00,0.00,0.000
738.49,25.80,125.00,125.00,0.00,0.00,0.000
738.49,25.70,125.00,125.00,0.00,0.00,0.000
738.45,25.60,125.00,125.00,0.00,0.00,0.000
738.41,25.60,125.00,125.00,0.00,0.00,0.000
738.47,25.60,125.00,125.00,0.00,0.00,0.000
738.49,25.60,125.00,125.00,0.00,0.00,0.000
738.54,25.60,125.00,125.00,0.00,0.00,0.000
738.55,25.50,125.00,125.00,0.00,0.00,0.000
738.59,25.60,96.10,125.00,0.00,0.00,0.000
738.60,25.60,91.80,125.00,0.00,0.00,0.000
738.64,25.60,91.50,125.00,0.00,0.00,0.000
738.72,25.70,90.70,125.00,0.00,0.00,0.000
738.73,25.60,90.60,125.00,0.00,0.00,0.000
738.65,25.60,90.40,125.00,0.00,0.00,0.000
738.76,25.60,90.40,125.00,0.00,0.00,0.000
738.51,25.60,90.40,125.00,0.00,0.00,0.000
738.64,25.70,90.50,125.00,0.00,0.00,0.000
738.58,25.70,90.70,125.00,0.00,0.00,0.000
738.67,25.70,90.90,125.00,0.00,0.00,0.000
738.53,25.80,91.10,125.00,0.00,0.00,0.000
738.71,25.90,91.60,125.00,0.00,0.00,0.000
738.72,26.00,91.80,125.00,0.00,0.00,0.000
738.49,26.00,95.90,125.00,0.00,0.00,0.000
738.46,26.10,96.50,125.00,0.00,0.00,0.000
738.49,26.20,104.60,125.00,0.00,0.00,0.000
738.52,26.40,125.00,125.00,0.00,0.00,0.000
738.51,26.50,125.00,125.00,0.00,0.00,0.000
738.41,26.60,125.00,125.00,0.00,0.00,0.000
738.49,26.60,125.00,125.00,0.00,0.00,0.000
738.45,26.70,125.00,125.00,0.00,0.00,0.000
738.37,26.70,125.00,125.00,0.00,0.00,0.000
738.40,26.70,125.00,125.00,0.00,0.00,0.000
738.36,26.80,125.00,125.00,0.00,0.00,0.000
738.34,26.80,125.00,125.00,0.00,0.00,0.000
738.27,26.80,125.00,125.00,0.00,0.00,0.000
738.32,26.80,125.00,125.00,0.00,0.00,0.000
738.27,26.80,125.00,125.00,0.00,0.00,0.000
738.24,26.80,125.00,125.00,0.00,0.00,0.000
738.10,26.80,125.00,125.00,0.00,0.00,0.000
738.02,26.80,125.00,125.00,0.00,0.00,0.000
738.10,26.80,125.00,125.00,0.00,0.00,0.000
738.07,26.80,125.00,125.00,0.00,0.00,0.000
738.02,26.80,125.00,125.00,0.00,0.00,0.000
737.99,26.90,125.00,125.00,0.00,0.00,0.000
737.99,26.90,125.00,125.00,0.00,0.00,0.000
737.96,26.80,125.00,125.00,0.00,0.00,0.000
737.90,26.70,125.00,125.00,0.00,0.00,0.000
737.83,26.70,125.00,125.00,0.00,0.00,0.000
737.75,26.70,125.00,125.00,0.00,0.00,0.000
737.78,26.60,125.00,125.00,0.00,0.00,0.000
737.72,26.50,125.00,125.00,0.00,0.00,0.000
737.59,26.50,125.00,125.00,0.00,0.00,0.000
737.45,26.40,125.00,125.00,0.00,0.00,0.000
737.46,26.40,125.00,125.00,0.00,0.00,0.000
737.41,26.30,125.00,125.00,0.00,0.00,0.000
737.30,26.10,125.00,125.00,0.00,0.00,0.000
737.27,26.00,125.00,125.00,0.00,0.00,0.000
737.22,25.90,125.00,125.00,0.00,0.00,0.000
737.25,25.80,125.00,125.00,0.00,0.00,0.000
737.22,25.70,125.00,125.00,0.00,0.00,0.000
737.25,25.60,125.00,125.00,0.00,0.00,0.000
737.24,25.60,125.00,125.00,0.00,0.00,0.000
737.18,25.60,125.00,125.00,0.00,0.00,0.000
737.34,25.60,125.00,125.00,0.00,0.00,0.000
737.43,25.60,125.00,125.00,0.00,0.00,0.000
737.49,25.50,-62.50,125.00,0.00,0.00,0.000
737.49,25.50,103.50,125.00,0.00,0.00,0.000
737.41,25.50,95.50,125.00,0.00,0.00,0.000
737.58,25.50,94.80,125.00,0.00,0.00,0.000
737.61,25.50,94.70,125.00,0.00,0.00,0.000
737.62,25.60,90.80,125.00,0.00,0.00,0.000
737.53,25.60,90.70,125.00,0.00,0.00,0.000
737.51,25.70,90.70,125.00,0.00,0.00,0.000
737.63,25.70,90.80,125.00,0.00,0.00,0.000
737.59,25.90,94.90,125.00,0.00,0.00,0.000
737.57,25.90,95.10,125.00,0.00,0.00,0.000
737.61,26.00,95.30,125.00,0.00,0.00,0.000
737.59,26.00,103.40,125.00,0.00,0.00,0.000
737.61,26.00,125.00,125.00,0.00,0.00,0.000
737.58,26.10,125.00,125.00,0.00,0.00,0.000
737.51,26.20,125.00,125.00,0.00,0.00,0.000
737.51,26.20,125.00,125.00,0.00,0.00,0.000
737.56,26.30,125.00,125.00,0.00,0.00,0.000
737.53,26.30,125.00,125.00,0.00,0.00,0.000
737.43,26.30,125.00,125.00,0.00,0.00,0.000
737.48,26.30,125.00,125.00,0.00,0.00,0.000
737.40,26.30,125.00,125.00,0.00,0.00,0.000
737.39,26.30,125.00,125.00,0.00,0.00,0.000
737.37,26.30,125.00,125.00,0.00,0.00,0.000
737.30,26.30,125.00,125.00,0.00,0.00,0.000
737.25,26.30,125.00,125.00,0.00,0.00,0.000
737.31,26.40,125.00,125.00,0.00,0.00,0.000
737.31,26.40,125.00,125.00,0.00,0.00,0.000
737.30,26.40,125.00,125.00,0.00,0.00,0.000
737.13,26.50,125.00,125.00,0.00,0.00,0.000
737.15,26.50,125.00,125.00,0.00,0.00,0.000
737.14,26.50,125.00,125.00,0.00,0.00,0.000
737.02,26.50,125.00,125.00,0.00,0.00,0.000
737.00,26.50,125.00,125.00,0.00,0.00,0.000
736.98,26.60,125.00,125.00,0.00,0.00,0.000
736.94,26.60,125.00,125.00,0.00,0.00,0.000
736.94,26.60,125.00,125.00,0.00,0.00,0.000
736.92,26.60,125.00,125.00,0.00,0.00,0.000
736.94,26.50,125.00,125.00,0.00,0.00,0.000
736.79,26.40,125.00,125.00,0.00,0.00,0.000
736.85,26.40,125.00,125.00,0.00,0.00,0.000
736.92,26.20,125.00,125.00,0.00,0.00,0.000
736.88,26.20,125.00,125.00,0.00,0.00,0.000
736.90,26.10,125.00,125.00,0.00,0.00,0.000
736.85,26.00,125.00,125.00,0.00,0.00,0.000
736.79,25.90,125.00,125.00,0.00,0.00,0.000
736.78,25.90,125.00,125.00,0.00,0.00,0.000
736.58,25.80,125.00,125.00,0.00,0.00,0.000
736.64,25.80,125.00,125.00,0.00,0.00,0.000
736.54,25.70,125.00,125.00,0.00,0.00,0.000
736.48,25.60,125.00,125.00,0.00,0.00,0.000
736.59,25.50,125.00,125.00,0.00,0.00,0.000
736.46,25.50,125.00,125.00,0.00,0.00,0.000
736.54,25.50,125.00,125.00,0.00,0.00,0.000
734.87,25.50,125.00,125.00,0.00,0.00,0.000
735.27,25.40,125.00,125.00,0.00,0.00,0.000
735.17,25.50,125.00,125.00,0.00,0.00,0.000
735.29,25.40,-62.50,125.00,0.00,0.00,0.000
735.37,25.40,95.70,125.00,0.00,0.00,0.000
735.58,25.40,95.40,125.00,0.00,0.00,0.000
735.48,25.30,91.00,125.00,0.00,0.00,0.000
735.53,25.30,91.00,125.00,0.00,0.00,0.000
735.56,25.40,90.90,125.00,0.00,0.00,0.000
735.59,25.50,90.90,125.00,0.00,0.00,0.000
735.61,25.50,91.00,125.00,0.00,0.00,0.000
735.65,25.50,91.10,125.00,0.00,0.00,0.000
735.60,25.50,95.10,125.00,0.00,0.00,0.000
735.68,25.60,95.30,125.00,0.00,0.00,0.000
735.59,25.50,95.60,125.00,0.00,0.00,0.000
735.55,25.60,96.00,125.00,0.00,0.00,0.000
735.53,25.60,104.10,125.00,0.00,0.00,0.000
735.50,25.60,125.00,125.00,0.00,0.00,0.000
735.57,25.70,125.00,125.00,0.00,0.00,0.000
735.36,25.80,125.00,125.00,0.00,0.00,0.000
735.52,25.80,125.00,125.00,0.00,0.00,0.000
735.49,25.90,125.00,125.00,0.00,0.00,0.000
735.52,25.80,125.00,125.00,0.00,0.00,0.000
735.41,26.00,125.00,125.00,0.00,0.00,0.000
735.23,26.00,125.00,125.00,0.00,0.00,0.000
735.12,26.10,125.00,125.00,0.00,0.00,0.000
735.11,26.10,125.00,125.00,0.00,0.00,0.000
735.02,26.20,125.00,125.00,0.00,0.00,0.000
735.05,26.20,125.00,125.00,0.00,0.00,0.000
735.04,26.30,125.00,125.00,0.00,0.00,0.000
734.89,26.30,125.00,125.00,0.00,0.00,0.000
734.94,26.30,125.00,125.00,0.00,0.00,0.000
734.98,26.40,125.00,125.00,0.00,0.00,0.000
734.92,26.40,125.00,125.00,0.00,0.00,0.000
734.86,26.50,125.00,125.00,0.00,0.00,0.000
734.86,26.50,125.00,125.00,0.00,0.00,0.000
734.76,26.60,125.00,125.00,0.00,0.00,0.000
734.79,26.70,125.00,125.00,0.00,0.00,0.000
734.79,26.70,125.00,125.00,0.00,0.00,0.000
734.72,26.80,125.00,125.00,0.00,0.00,0.000
734.73,26.80,125.00,125.00,0.00,0.00,0.000
734.74,26.70,125.00,125.00,0.00,0.00,0.000
734.66,26.60,125.00,125.00,0.00,0.00,0.000
734.76,26.60,125.00,125.00,0.00,0.00,0.000
734.61,26.40,125.00,125.00,0.00,0.00,0.000
734.60,26.40,125.00,125.00,0.00,0.00,0.000
734.51,26.30,125.00,125.00,0.00,0.00,0.000
734.52,26.30,125.00,125.00,0.00,0.00,0.000
734.44,26.20,125.00,125.00,0.00,0.00,0.000
734.39,26.10,125.00,125.00,0.00,0.00,0.000
734.32,26.10,125.00,125.00,0.00,0.00,0.000
734.20,26.00,125.00,125.00,0.00,0.00,0.000
734.19,25.90,125.00,125.00,0.00,0.00,0.000
734.13,25.90,125.00,125.00,0.00,0.00,0.000
734.17,25.80,125.00,125.00,0.00,0.00,0.000
734.26,25.70,125.00,125.00,0.00,0.00,0.000
734.28,25.70,125.00,125.00,0.00,0.00,0.000
734.25,25.70,125.00,125.00,0.00,0.00,0.000
734.33,25.70,125.00,125.00,0.00,0.00,0.000
734.35,25.70,125.00,125.00,0.00,0.00,0.000
734.45,25.70,-62.50,125.00,0.00,0.00,0.000
734.48,25.80,125.00,125.00,0.00,0.00,0.000
734.51,25.80,125.00,125.00,0.00,0.00,0.000
734.48,25.80,-62.50,125.00,0.00,0.00,0.000
734.50,25.70,125.00,125.00,0.00,0.00,0.000
734.59,25.70,125.00,125.00,0.00,0.00,0.000
734.55,25.70,125.00,125.00,0.00,0.00,0.000
734.65,25.70,125.00,125.00,0.00,0.00,0.000
734.71,25.70,125.00,125.00,0.00,0.00,0.000
734.64,25.70,125.00,125.00,0.00,0.00,0.000
734.76,25.70,125.00,125.00,0.00,0.00,0.000
734.65,25.80,125.00,125.00,0.00,0.00,0.000
734.61,25.80,125.00,125.00,0.00,0.00,0.000
734.68,25.80,125.00,125.00,0.00,0.00,0.000
734.69,25.80,125.00,125.00,0.00,0.00,0.000
734.60,25.90,125.00,125.00,0.00,0.00,0.000
734.68,25.90,125.00,125.00,0.00,0.00,0.000
734.55,26.00,125.00,125.00,0.00,0.00,0.000
734.48,26.00,125.00,125.00,0.00,0.00,0.000
734.62,26.10,125.00,125.00,0.00,0.00,0.000
734.54,26.10,125.00,125.00,0.00,0.00,0.000
734.47,26.10,125.00,125.00,0.00,0.00,0.000
734.47,26.20,125.00,125.00,0.00,0.00,0.000
734.47,26.20,125.00,125.00,0.00,0.00,0.000
734.44,26.20,125.00,125.00,0.00,0.00,0.000
734.38,26.20,125.00,125.00,0.00,0.00,0.000
734.35,26.20,125.00,125.00,0.00,0.00,0.000
734.34,26.20,125.00,125.00,0.00,0.00,0.000
734.31,26.20,125.00,125.00,0.00,0.00,0.000
734.22,26.20,125.00,125.00,0.00,0.00,0.000
734.18,26.30,125.00,125.00,0.00,0.00,0.000
734.16,26.30,125.00,125.00,0.00,0.00,0.000
734.18,26.30,125.00,125.00,0.00,0.00,0.000
734.06,26.30,125.00,125.00,0.00,0.00,0.000
734.12,26.40,125.00,125.00,0.00,0.00,0.000
734.07,26.40,125.00,125.00,0.00,0.00,0.000
734.04,26.40,125.00,125.00,0.00,0.00,0.000
734.01,26.30,125.00,125.00,0.00,0.00,0.000
733.93,26.30,125.00,125.00,0.00,0.00,0.000
733.94,26.20,125.00,125.00,0.00,0.00,0.000
733.83,26.20,125.00,125.00,0.00,0.00,0.000
734.03,26.20,125.00,125.00,0.00,0.00,0.000
734.07,26.10,125.00,125.00,0.00,0.00,0.000
733.76,26.10,125.00,125.00,0.00,0.00,0.000
733.55,26.10,125.00,125.00,0.00,0.00,0.000
733.57,26.00,125.00,125.00,0.00,0.00,0.000
733.61,25.90,125.00,125.00,0.00,0.00,0.000
733.48,25.90,125.00,125.00,0.00,0.00,0.000
733.46,25.90,125.00,125.00,0.00,0.00,0.000
733.47,25.80,125.00,125.00,0.00,0.00,0.000
733.51,25.70,125.00,125.00,0.00,0.00,0.000
733.55,25.60,125.00,125.00,0.00,0.00,0.000
733.46,25.60,125.00,125.00,0.00,0.00,0.000
733.53,25.50,125.00,125.00,0.00,0.00,0.000
733.43,25.50,125.00,125.00,0.00,0.00,0.000
733.54,25.50,125.00,125.00,0.00,0.00,0.000
733.61,25.50,125.00,125.00,0.00,0.00,0.000
733.63,25.50,125.00,125.00,0.00,0.00,0.000
733.75,25.50,125.00,125.00,0.00,0.00,0.000
733.81,25.50,125.00,125.00,0.00,0.00,0.000
733.84,25.60,-62.50,125.00,0.00,0.00,0.000
733.89,25.60,125.00,125.00,0.00,0.00,0.000
733.82,25.70,125.00,125.00,0.00,0.00,0.000
733.82,25.80,125.00,125.00,0.00,0.00,0.000
733.81,25.80,125.00,125.00,0.00,0.00,0.000
733.81,25.80,125.00,125.00,0.00,0.00,0.000
733.86,25.90,125.00,125.00,0.00,0.00,0.000
733.88,26.00,125.00,125.00,0.00,0.00,0.000
733.83,26.00,125.00,125.00,0.00,0.00,0.000
733.79,26.10,125.00,125.00,0.00,0.00,0.000
733.79,26.10,125.00,125.00,0.00,0.00,0.000
733.81,26.20,125.00,125.00,0.00,0.00,0.000
733.73,26.20,125.00,125.00,0.00,0.00,0.000
733.75,26.20,125.00,125.00,0.00,0.00,0.000
733.72,26.20,125.00,125.00,0.00,0.00,0.000
733.71,26.30,125.00,125.00,0.00,0.00,0.000
733.79,26.30,125.00,125.00,0.00,0.00,0.000
733.69,26.40,125.00,125.00,0.00,0.00,0.000
733.70,26.50,125.00,125.00,0.00,0.00,0.000
733.66,26.60,125.00,125.00,0.00,0.00,0.000
733.54,26.70,125.00,125.00,0.00,0.00,0.000
733.58,26.70,125.00,125.00,0.00,0.00,0.000
733.63,26.80,125.00,125.00,0.00,0.00,0.000
733.56,26.90,125.00,125.00,0.00,0.00,0.000
733.55,27.00,125.00,125.00,0.00,0.00,0.000
733.49,27.00,125.00,125.00,0.00,0.00,0.000
728.10,27.00,125.00,125.00,0.00,0.00,0.000
728.74,27.10,125.00,125.00,0.00,0.00,0.000
728.97,27.10,125.00,125.00,0.00,0.00,0.000
728.99,27.10,125.00,125.00,0.00,0.00,0.000
729.08,27.20,125.00,125.00,0.00,0.00,0.000
729.25,27.20,125.00,125.00,0.00,0.00,0.000
729.27,27.20,125.00,125.00,0.00,0.00,0.000
729.31,27.10,125.00,125.00,0.00,0.00,0.000
729.73,27.00,125.00,125.00,0.00,0.00,0.000
729.66,27.10,125.00,125.00,0.00,0.00,0.000
729.60,27.10,125.00,125.00,0.00,0.00,0.000
729.75,27.10,125.00,125.00,0.00,0.00,0.000
729.78,27.00,125.00,125.00,0.00,0.00,0.000
